23
!MAvatar
45	45	30	40	45	45	35	25
Gunter	
15	5	0	5	0	15	5	5
Jakob	
50	30	15	40	35	45	25	25
Kaze	
55	40	0	45	65	20	20	35
Silas	
40	45	5	50	40	40	40	25
Shura	
30	25	10	20	35	30	15	35
Izana	
45	15	35	55	30	45	35	35
Subaki	
55	30	20	50	20	25	45	5
Saizo	
40	50	45	60	30	55	45	10
Azama	
55	50	20	40	45	40	40	20
Hayato	
50	30	40	30	45	60	40	20
Takumi	
50	35	0	60	40	45	35	20
Kaden	
45	40	10	25	45	50	35	40
Ryoma	
50	45	0	50	45	40	35	25
Yukimura	
25	25	5	40	15	30	25	30
Arthur	
50	45	0	55	35	5	45	20
Odin	
55	35	30	55	35	60	40	20
Niles	
40	35	20	40	50	30	30	40
Laslow	
50	45	0	45	30	55	35	25
Benny	
50	40	0	50	10	35	55	45
Leo	
45	25	55	35	45	45	30	45
Keaton	
60	60	0	20	35	30	50	25
Xander	
45	50	5	40	35	60	40	15