23
!FAvatar
45	45	30	40	45	45	35	25
Felicia
40	10	35	30	40	55	15	35
Azura
25	50	25	60	60	40	15	35
Mozu
30	40	5	50	55	45	35	30
Rinkah
20	25	15	50	45	35	45	20
Sakura
45	30	50	40	40	55	30	20
Hana	
25	55	10	45	55	25	20	30
Orochi	
35	5	65	50	15	35	25	45
Hinoka
45	45	15	40	45	40	35	40
Setsuna	
30	20	0	30	60	30	15	40
Oboro	
30	40	20	40	40	40	40	30
Kagero	
30	65	0	20	50	30	25	40
Reina	
40	45	5	20	45	10	20	10
Scarlet	
30	45	20	40	50	40	25	20
Elise	
30	5	65	25	55	70	15	40
Effie	
35	60	0	35	50	50	35	30
Nyx	
30	5	50	35	50	20	15	30
Camilla	
40	50	25	50	55	25	35	45
Selena	
40	30	5	25	45	30	45	30
Beruka	
45	30	10	55	30	45	40	25
Peri
30	50	5	30	50	35	25	45
Charlotte	
65	55	0	35	50	45	20	5
Flora	
35	40	20	45	30	35	30	30












